function T = Tras(d)
T = [1 0 0 d(1); 
     0 1 0 d(2);
     0 0 1 d(3);
     0 0 0 1];
end